       0  0.80741 62.48450 17.88049 137.01459 66.74931
       0  0.70309 71.58865 101.92211 128.76245 133.00540
       0  0.28680 72.47275 89.96489 128.60373 112.43346
       0  0.04261 72.14443 92.58805 100.29923 104.01055
       0  0.04048 73.18030 113.26676 116.06169 138.17714
       0  0.02625 72.67851 101.50928 104.01747 120.17388
       0  0.01318 64.64790 37.26034 135.92606 82.21774
       0  0.01271 70.73056 94.76115 109.96881 109.66647
       0  0.01102 93.07397 66.09280 110.80947 79.81751
       0  0.01044 90.18708 123.57967 122.43392 132.50410
